version https://git-lfs.github.com/spec/v1
oid sha256:d1fe181963eb959fd42413a9581c28804b477bbb0b42667c40cfc6e7a6b54c93
size 17145
